COMPREHENSIVE STATISTICAL ANALYSIS REPORT
============================================================

DATASET OVERVIEW:
------------------------------
Total samples: 380,160
Policies analyzed: 11
Load scenarios: [0.8, 0.9, 0.95, 0.999]
Protagonist policies: MAX_AVG_WAIT, ROUND_ROBIN, SALLES_UTILITY

STATISTICAL TESTS:
------------------------------
ANOVA - Policy Performance Differences:
  F-statistic: nan
  P-value: nan
  Significant Difference: False

PROTAGONIST POLICIES SUMMARY:
------------------------------
               system_EW        system_EN             little_error
                    mean  std        mean         std     <lambda>
policy_name                                                       
MAX_AVG_WAIT         0.0  0.0  22494.0928  12432.2071   22494.0928
ROUND_ROBIN          0.0  0.0  24472.2789  12658.9313   24472.2789
SALLES_UTILITY       0.0  0.0  22499.4435  12448.1758   22499.4435

COMPLETE DESCRIPTIVE STATISTICS:
------------------------------
                                 system_EW                              system_EN                                    total_occupancy       throughput_efficiency
                                      mean  std  min  max skew kurt          mean           std      min         max            mean   max                  mean
policy_name          load_factor                                                                                                                                
AGING                0.800             0.0  0.0  0.0  0.0  0.0  0.0  24295.327442  12637.996788  12.6870  46014.2673     2960.992014  3000              0.482337
                     0.900             0.0  0.0  0.0  0.0  0.0  0.0  24395.163106  12615.813460  14.1770  46026.8286     2968.866898  3000              0.433037
                     0.950             0.0  0.0  0.0  0.0  0.0  0.0  24596.617690  12684.123906  11.5507  46339.1705     2971.373264  3000              0.413745
                     0.999             0.0  0.0  0.0  0.0  0.0  0.0  24601.656617  12667.651361   8.5404  46362.0326     2973.721991  3000              0.394655
C_MU_RULE            0.800             0.0  0.0  0.0  0.0  0.0  0.0  22571.233893  12502.446581   8.0705  44186.7852     1985.346412  2034              0.464900
                     0.900             0.0  0.0  0.0  0.0  0.0  0.0  22574.903188  12480.354150  11.2297  44103.8894     1995.514931  2068              0.415431
                     0.950             0.0  0.0  0.0  0.0  0.0  0.0  22523.627221  12487.598863  12.2464  44164.7777     2007.608218  2098              0.394336
                     0.999             0.0  0.0  0.0  0.0  0.0  0.0  22544.214289  12587.687364   9.3550  44534.5016     2076.661806  2292              0.378962
LONGEST_QUEUE        0.800             0.0  0.0  0.0  0.0  0.0  0.0  24508.591060  12749.443778   9.0108  46393.6823     2962.478935  3000              0.486756
                     0.900             0.0  0.0  0.0  0.0  0.0  0.0  24482.499769  12686.328173  11.3839  46285.4578     2968.009144  3000              0.434093
                     0.950             0.0  0.0  0.0  0.0  0.0  0.0  24397.838098  12666.185840  14.9799  46226.6104     2972.446296  3000              0.411132
                     0.999             0.0  0.0  0.0  0.0  0.0  0.0  24413.234898  12644.438179  10.6430  46182.5450     2973.741551  3000              0.391927
MAX_AVG_WAIT         0.800             0.0  0.0  0.0  0.0  0.0  0.0  22664.423446  12517.432006   9.4962  44299.4342     1987.060185  2030              0.467663
                     0.900             0.0  0.0  0.0  0.0  0.0  0.0  22488.051251  12436.630122  11.1899  44027.0198     1996.253009  2084              0.414434
                     0.950             0.0  0.0  0.0  0.0  0.0  0.0  22576.106746  12490.205900   8.0062  44206.4394     2004.162384  2113              0.394601
                     0.999             0.0  0.0  0.0  0.0  0.0  0.0  22247.789596  12281.498062   6.0659  43457.3970     2252.421991  2736              0.376114
OLDEST_PACKET        0.800             0.0  0.0  0.0  0.0  0.0  0.0  24369.353373  12648.020623   4.9854  46061.4499     2959.893866  3000              0.483569
                     0.900             0.0  0.0  0.0  0.0  0.0  0.0  24484.825792  12716.942277   8.0064  46365.4185     2968.404861  3000              0.434866
                     0.950             0.0  0.0  0.0  0.0  0.0  0.0  24449.248631  12648.801850  11.0289  46205.5798     2970.950231  3000              0.412311
                     0.999             0.0  0.0  0.0  0.0  0.0  0.0  24264.270877  12521.838996   9.4115  45833.6970     2973.781597  3000              0.390150
ROUND_ROBIN          0.800             0.0  0.0  0.0  0.0  0.0  0.0  24484.913496  12707.388441   4.6322  46244.7974     2961.522917  3000              0.485859
                     0.900             0.0  0.0  0.0  0.0  0.0  0.0  24487.814484  12686.242710  10.7156  46254.7440     2969.303588  3000              0.434363
                     0.950             0.0  0.0  0.0  0.0  0.0  0.0  24488.330482  12645.084939  13.2029  46168.7738     2969.577083  3000              0.411635
                     0.999             0.0  0.0  0.0  0.0  0.0  0.0  24428.057254  12598.831560  12.9026  46086.5115     2974.281829  3000              0.392570
SALLES_UTILITY       0.800             0.0  0.0  0.0  0.0  0.0  0.0  22617.339320  12493.006908  16.0775  44210.4891     1986.979051  2041              0.466436
                     0.900             0.0  0.0  0.0  0.0  0.0  0.0  22490.947681  12424.957557   6.1020  43969.1185     1996.920602  2067              0.414833
                     0.950             0.0  0.0  0.0  0.0  0.0  0.0  22604.542023  12513.898452  11.0751  44260.7346     2005.200463  2114              0.395469
                     0.999             0.0  0.0  0.0  0.0  0.0  0.0  22284.945015  12359.557304  10.4806  44443.5985     2205.710185  2475              0.377790
SHORTEST_QUEUE       0.800             0.0  0.0  0.0  0.0  0.0  0.0  22623.791011  12532.677060  10.5643  44334.5856     1985.717477  2041              0.467173
                     0.900             0.0  0.0  0.0  0.0  0.0  0.0  22513.305890  12499.683266   8.8333  44154.0890     1994.947222  2091              0.414610
                     0.950             0.0  0.0  0.0  0.0  0.0  0.0  22589.952483  12453.614891   8.8024  44121.7500     2004.901157  2112              0.395060
                     0.999             0.0  0.0  0.0  0.0  0.0  0.0  22291.213041  12544.184846  10.8766  44058.2322     2102.560185  2347              0.377974
STRICT_PRIORITY      0.800             0.0  0.0  0.0  0.0  0.0  0.0  22847.964142  12612.080316   8.8392  44603.3474     1984.248264  2035              0.470017
                     0.900             0.0  0.0  0.0  0.0  0.0  0.0  22537.912930  12507.147391  13.8219  44207.8128     1995.254398  2081              0.416011
                     0.950             0.0  0.0  0.0  0.0  0.0  0.0  22462.535714  12494.930146  12.5868  44112.8020     2004.287500  2092              0.392763
                     0.999             0.0  0.0  0.0  0.0  0.0  0.0  21776.601294  12273.152891  17.0892  43192.1883     2367.944676  2714              0.377216
WEIGHTED_ROUND_ROBIN 0.800             0.0  0.0  0.0  0.0  0.0  0.0  24177.021123  12577.473396   9.8659  45839.8007     2960.771412  3000              0.480632
                     0.900             0.0  0.0  0.0  0.0  0.0  0.0  24458.148105  12635.959635  12.1544  46178.6076     2967.688657  3000              0.433890
                     0.950             0.0  0.0  0.0  0.0  0.0  0.0  24443.440979  12647.366960   8.7671  46202.9710     2970.318866  3000              0.411583
                     0.999             0.0  0.0  0.0  0.0  0.0  0.0  24306.791544  12580.063777  11.4381  45954.7538     2972.458681  3000              0.389918
WHITTLE_INDEX        0.800             0.0  0.0  0.0  0.0  0.0  0.0  24196.870740  12588.513314   9.6489  45826.7135     2959.495370  3000              0.480578
                     0.900             0.0  0.0  0.0  0.0  0.0  0.0  24420.419016  12678.359841  15.5113  46183.3557     2969.369676  3000              0.433418
                     0.950             0.0  0.0  0.0  0.0  0.0  0.0  24430.624636  12684.368406   7.5042  46265.7266     2971.020718  3000              0.411239
                     0.999             0.0  0.0  0.0  0.0  0.0  0.0  24575.108622  12686.781879   8.3129  46378.9284     2970.581250  3000              0.393181